MEMORY
  total            14.2 MB
  struct          159.1 KB
  buffer           39.5 KB
  arena            14.0 MB, used 0.2%

SIZES
  narena                14680064
  nbuffer               40432
  nplugin               0
  maxuse_stack          5624
  maxuse_arena          36120
  maxuse_con            9
  maxuse_efc            36
  ncon                  3
  ne                    0
  nf                    0
  nl                    0
  nefc                  12
  nJ                    168
  nA                    0
  nisland               1
  nidof                 14
  threadpool            0

TIMER
    0:  duration =  0.48       number = 8
    1:  duration =  0.47       number = 8
    2:  duration =  0          number = 0
    3:  duration =  0.13       number = 8
    4:  duration =  0.02       number = 8
    5:  duration =  0.0038     number = 8
    6:  duration =  0.052      number = 8
    7:  duration =  0.011      number = 8
    8:  duration =  0.034      number = 8
    9:  duration =  0.013      number = 8
    10:  duration =  0.043      number = 8
    11:  duration =  0.037      number = 8
    12:  duration =  0.0005     number = 8
    13:  duration =  0.03       number = 8
    14:  duration =  0.012      number = 8

SOLVER STAT
  solver_fwdinv =   0         0       
  ISLAND 0
    solver_niter = 2
    solver_nnz = 196
      0:  improvement =  1.8         gradient =  0.24        lineslope =  0       
          nactive = 10   nchange = 1   neval = 3   nupdate = 1
      1:  improvement =  0.15        gradient =  2.7e-16     lineslope =  0       
          nactive = 10   nchange = 0   neval = 2   nupdate = 0

ENERGY =   0         0       

TIME =  18      

QPOS
   0.33    
  -1.7     
   0.1     
   0.99    
   0.019   
   0.0018  
   0.14    
   0.11    
   0.043   
   0.0077  
  -0.46    
   0.39    
   0.26    
   0.019   
   0.0034  

QVEL
  -0.016   
  -0.13    
  -0.049   
  -0.076   
   0.44    
  -0.01    
  -0.3     
  -0.39    
  -0.08    
  -1       
   1.1     
  -0.77    
  -0.95    
   1.2     

QACC_WARMSTART
   1.1     
  -3       
  -7.3     
   19      
  -20      
   15      
  -20      
  -12      
   23      
   51      
   69      
   18      
   5.9     
  -39      

CTRL
  -1.4     
  -1.4     
   1.6     
  -0.55    
   0.4     
   1.6     
  -1.1     
  -1.6     

QFRC_APPLIED
   0       
   0       
   0       
   0       
   0       
   0       
   0       
   0       
   0       
   0       
   0       
   0       
   0       
   0       

XFRC_APPLIED
   0         0         0         0         0         0       
   0         0         0         0         0         0       
   0         0         0         0         0         0       
   0         0         0         0         0         0       
   0         0         0         0         0         0       
   0         0         0         0         0         0       
   0         0         0         0         0         0       
   0         0         0         0         0         0       
   0         0         0         0         0         0       
   0         0         0         0         0         0       
   0         0         0         0         0         0       
   0         0         0         0         0         0       
   0         0         0         0         0         0       
   0         0         0         0         0         0       
   0         0         0         0         0         0       
   0         0         0         0         0         0       
   0         0         0         0         0         0       
   0         0         0         0         0         0       
   0         0         0         0         0         0       
   0         0         0         0         0         0       
   0         0         0         0         0         0       
   0         0         0         0         0         0       
   0         0         0         0         0         0       
   0         0         0         0         0         0       
   0         0         0         0         0         0       
   0         0         0         0         0         0       
   0         0         0         0         0         0       
   0         0         0         0         0         0       
   0         0         0         0         0         0       
   0         0         0         0         0         0       
   0         0         0         0         0         0       
   0         0         0         0         0         0       
   0         0         0         0         0         0       

QACC
   1.1     
  -3       
  -7.3     
   19      
  -20      
   15      
  -20      
  -12      
   23      
   51      
   69      
   18      
   5.9     
  -39      

XPOS
   0         0         0       
   0.33     -1.7       0.1     
   0.33     -1.7       0.1     
   0.28     -1.5       0.058   
   0.27     -1.4       0.059   
   0.25     -1.4       0.061   
   0.24     -1.4       0.062   
   0.2      -1.3       0.066   
   0.19     -1.3       0.067   
   0.17     -1.2       0.069   
   0.16     -1.2       0.069   
   0.097    -1.2       0.071   
   0.07     -1.2       0.07    
   0.025    -1.2       0.07    
   0.0072   -1.2       0.07    
   0.19     -1.1       0.072   
   0.21     -1.1       0.072   
   0.26     -1.1       0.078   
   0.28     -1.1       0.084   
   0.21     -1.6       0.054   
   0.18     -1.6       0.054   
   0.13     -1.6       0.061   
   0.12     -1.6       0.069   
   0.089    -1.6       0.08    
   0.044    -1.6       0.099   
   0.025    -1.6       0.11    
   0.4      -1.5       0.054   
   0.43     -1.5       0.055   
   0.48     -1.5       0.054   
   0.5      -1.5       0.054   
   0.52     -1.5       0.053   
   0.57     -1.5       0.052   
   0.59     -1.5       0.052   

XQUAT
   1         0         0         0       
   0.99      0.019     0.0014    0.14    
   0.99      0.019     0.0014    0.14    
   0.99      0.019     0.0014    0.14    
   0.99      0.019     0.0014    0.14    
   0.98      0.019     0.00027   0.2     
   0.98      0.019     0.00027   0.2     
   0.98      0.019     0.00027   0.2     
   0.98      0.019     0.00027   0.2     
   0.98      0.019    -0.00015   0.22    
   0.98      0.019    -0.00015   0.22    
   0.5      -0.31      0.19      0.79    
   0.5      -0.31      0.19      0.79    
   0.5      -0.31      0.19      0.79    
   0.5      -0.31      0.19      0.79    
  -0.79      0.19      0.31      0.5     
  -0.79      0.19      0.31      0.5     
  -0.65      0.12      0.35      0.66    
  -0.65      0.12      0.35      0.66    
   0.43     -0.56      0.41      0.58    
   0.43     -0.56      0.41      0.58    
   0.31     -0.46      0.52      0.65    
  -0.14     -0.79      0.58      0.13    
  -0.14     -0.79      0.58      0.13    
  -0.16     -0.71      0.68      0.11    
  -0.16     -0.71      0.68      0.11    
  -0.58      0.41      0.56      0.43    
  -0.58      0.41      0.56      0.43    
  -0.58      0.42      0.55      0.43    
  -0.8      -0.0044   -0.021     0.6     
  -0.8      -0.0044   -0.021     0.6     
  -0.8      -0.0044   -0.021     0.6     
  -0.8      -0.0044   -0.021     0.6     

XMAT
   1         0         0         0         1         0         0         0         1       
   0.96     -0.28      0.0081    0.28      0.96     -0.038     0.0028    0.038     1       
   0.96     -0.28      0.0081    0.28      0.96     -0.038     0.0028    0.038     1       
   0.96     -0.28      0.0081    0.28      0.96     -0.038     0.0028    0.038     1       
   0.96     -0.28      0.0081    0.28      0.96     -0.038     0.0028    0.038     1       
   0.92     -0.39      0.0081    0.39      0.92     -0.038     0.0071    0.038     1       
   0.92     -0.39      0.0081    0.39      0.92     -0.038     0.0071    0.038     1       
   0.92     -0.39      0.0081    0.39      0.92     -0.038     0.0071    0.038     1       
   0.92     -0.39      0.0081    0.39      0.92     -0.038     0.0071    0.038     1       
   0.9      -0.43      0.0081    0.43      0.9      -0.038     0.0087    0.037     1       
   0.9      -0.43      0.0081    0.43      0.9      -0.038     0.0087    0.037     1       
  -0.31     -0.9      -0.3       0.66     -0.43      0.61     -0.68     -0.0087    0.73    
  -0.31     -0.9      -0.3       0.66     -0.43      0.61     -0.68     -0.0087    0.73    
  -0.32     -0.9      -0.3       0.66     -0.43      0.61     -0.68     -0.0034    0.73    
  -0.32     -0.9      -0.3       0.66     -0.43      0.61     -0.68     -0.0034    0.73    
   0.31      0.9      -0.3      -0.66      0.43      0.61      0.68      0.0087    0.73    
   0.31      0.9      -0.3      -0.66      0.43      0.61      0.68      0.0087    0.73    
  -0.12      0.95     -0.3      -0.79      0.092     0.61      0.61      0.31      0.73    
  -0.12      0.95     -0.3      -0.79      0.092     0.61      0.61      0.31      0.73    
  -0.0081   -0.96     -0.28      0.038    -0.28      0.96     -1        -0.0028    0.038   
  -0.0081   -0.96     -0.28      0.038    -0.28      0.96     -1        -0.0028    0.038   
  -0.37     -0.88     -0.28     -0.073    -0.27      0.96     -0.92      0.38      0.038   
   0.28     -0.88     -0.37     -0.96     -0.27     -0.073    -0.038     0.38     -0.92    
   0.28     -0.88     -0.37     -0.96     -0.27     -0.073    -0.038     0.38     -0.92    
   0.045    -0.93     -0.37     -1        -0.019    -0.073     0.061     0.38     -0.92    
   0.045    -0.93     -0.37     -1        -0.019    -0.073     0.061     0.38     -0.92    
   0.0081    0.96     -0.28     -0.038     0.28      0.96      1         0.0028    0.038   
   0.0081    0.96     -0.28     -0.038     0.28      0.96      1         0.0028    0.038   
   0.028     0.96     -0.28     -0.032     0.28      0.96      1        -0.018     0.038   
   0.28      0.96      0.028    -0.96      0.28     -0.032    -0.038    -0.018     1       
   0.28      0.96      0.028    -0.96      0.28     -0.032    -0.038    -0.018     1       
   0.28      0.96      0.028    -0.96      0.28     -0.032    -0.038    -0.018     1       
   0.28      0.96      0.028    -0.96      0.28     -0.032    -0.038    -0.018     1       

XIPOS
   0         0         0       
   0.33     -1.7       0.1     
   0.3      -1.6       0.1     
   0.28     -1.5       0.058   
   0.27     -1.4       0.059   
   0.25     -1.4       0.061   
   0.22     -1.3       0.064   
   0.2      -1.3       0.066   
   0.19     -1.3       0.067   
   0.17     -1.2       0.069   
   0.14     -1.1       0.071   
   0.097    -1.2       0.071   
   0.07     -1.2       0.07    
   0.025    -1.2       0.07    
  -0.038    -1.2       0.07    
   0.19     -1.1       0.072   
   0.21     -1.1       0.072   
   0.26     -1.1       0.078   
   0.33     -1.1       0.1     
   0.21     -1.6       0.054   
   0.18     -1.6       0.054   
   0.13     -1.6       0.061   
   0.12     -1.6       0.069   
   0.089    -1.6       0.08    
   0.044    -1.6       0.099   
  -0.021    -1.6       0.13    
   0.4      -1.5       0.054   
   0.43     -1.5       0.055   
   0.48     -1.5       0.054   
   0.5      -1.5       0.054   
   0.52     -1.5       0.053   
   0.57     -1.5       0.052   
   0.64     -1.5       0.051   

XIMAT
   1         0         0         0         1         0         0         0         1       
   0.96     -0.28      0.0081    0.28      0.96     -0.038     0.0028    0.038     1       
   0.96     -0.28      0.0081    0.28      0.96     -0.038     0.0028    0.038     1       
   0.96     -0.28      0.0081    0.28      0.96     -0.038     0.0028    0.038     1       
   0.96     -0.28      0.0081    0.28      0.96     -0.038     0.0028    0.038     1       
   0.92     -0.39      0.0081    0.39      0.92     -0.038     0.0071    0.038     1       
   0.92     -0.39      0.0081    0.39      0.92     -0.038     0.0071    0.038     1       
   0.92     -0.39      0.0081    0.39      0.92     -0.038     0.0071    0.038     1       
   0.92     -0.39      0.0081    0.39      0.92     -0.038     0.0071    0.038     1       
   0.9      -0.43      0.0081    0.43      0.9      -0.038     0.0087    0.037     1       
   0.9      -0.43      0.0081    0.43      0.9      -0.038     0.0087    0.037     1       
  -0.0077   -0.9      -0.43      0.037    -0.43      0.9      -1        -0.0087    0.036   
  -0.31     -0.9      -0.3       0.66     -0.43      0.61     -0.68     -0.0087    0.73    
  -0.32     -0.9      -0.3       0.66     -0.43      0.61     -0.68     -0.0034    0.73    
  -0.32     -0.9      -0.3       0.66     -0.43      0.61     -0.68     -0.0034    0.73    
   0.0077    0.9      -0.43     -0.037     0.43      0.9       1         0.0087    0.036   
   0.31      0.9      -0.3      -0.66      0.43      0.61      0.68      0.0087    0.73    
  -0.12      0.95     -0.3      -0.79      0.092     0.61      0.61      0.31      0.73    
  -0.12      0.95     -0.3      -0.79      0.092     0.61      0.61      0.31      0.73    
   0.28     -0.96     -0.0081   -0.96     -0.28      0.038    -0.038    -0.0028   -1       
  -0.0081   -0.96     -0.28      0.038    -0.28      0.96     -1        -0.0028    0.038   
  -0.37     -0.88     -0.28     -0.073    -0.27      0.96     -0.92      0.38      0.038   
   0.37     -0.88      0.28      0.073    -0.27     -0.96      0.92      0.38     -0.038   
   0.28     -0.88     -0.37     -0.96     -0.27     -0.073    -0.038     0.38     -0.92    
   0.045    -0.93     -0.37     -1        -0.019    -0.073     0.061     0.38     -0.92    
   0.045    -0.93     -0.37     -1        -0.019    -0.073     0.061     0.38     -0.92    
  -0.28      0.96     -0.0081    0.96      0.28      0.038     0.038     0.0028   -1       
   0.0081    0.96     -0.28     -0.038     0.28      0.96      1         0.0028    0.038   
   0.028     0.96     -0.28     -0.032     0.28      0.96      1        -0.018     0.038   
  -0.028     0.96      0.28      0.032     0.28     -0.96     -1        -0.018    -0.038   
   0.28      0.96      0.028    -0.96      0.28     -0.032    -0.038    -0.018     1       
   0.28      0.96      0.028    -0.96      0.28     -0.032    -0.038    -0.018     1       
   0.28      0.96      0.028    -0.96      0.28     -0.032    -0.038    -0.018     1       

XANCHOR
   0.33     -1.7       0.1     
   0.26     -1.4       0.06    
   0.18     -1.2       0.068   
   0.043    -1.2       0.07    
   0.24     -1.1       0.072   
   0.15     -1.6       0.054   
   0.062    -1.6       0.092   
   0.46     -1.5       0.055   
   0.55     -1.5       0.053   

XAXIS
   0         0         1       
   0.0081   -0.038     1       
   0.0081   -0.038     1       
  -0.3       0.61      0.73    
  -0.3       0.61      0.73    
  -0.28      0.96      0.038   
  -0.37     -0.073    -0.92    
  -0.28      0.96      0.038   
   0.028    -0.032     1       

GEOM_XPOS
   0         0         0       
   0.3      -1.6       0.1     
   0.27     -1.4       0.059   
   0.25     -1.4       0.061   
   0.22     -1.3       0.064   
   0.19     -1.3       0.067   
   0.17     -1.2       0.069   
   0.14     -1.1       0.071   
   0.07     -1.2       0.07    
   0.025    -1.2       0.07    
  -0.038    -1.2       0.07    
   0.21     -1.1       0.072   
   0.26     -1.1       0.078   
   0.33     -1.1       0.1     
   0.18     -1.6       0.054   
   0.13     -1.6       0.061   
   0.089    -1.6       0.08    
   0.044    -1.6       0.099   
  -0.021    -1.6       0.13    
   0.43     -1.5       0.055   
   0.48     -1.5       0.054   
   0.52     -1.5       0.053   
   0.57     -1.5       0.052   
   0.64     -1.5       0.051   

GEOM_XMAT
   1         0         0         0         1         0         0         0         1       
   0.96     -0.28      0.0081    0.28      0.96     -0.038     0.0028    0.038     1       
   0.96     -0.28      0.0081    0.28      0.96     -0.038     0.0028    0.038     1       
   0.92     -0.39      0.0081    0.39      0.92     -0.038     0.0071    0.038     1       
   0.92     -0.39      0.0081    0.39      0.92     -0.038     0.0071    0.038     1       
   0.92     -0.39      0.0081    0.39      0.92     -0.038     0.0071    0.038     1       
   0.9      -0.43      0.0081    0.43      0.9      -0.038     0.0087    0.037     1       
   0.9      -0.43      0.0081    0.43      0.9      -0.038     0.0087    0.037     1       
  -0.31     -0.9      -0.3       0.66     -0.43      0.61     -0.68     -0.0087    0.73    
  -0.32     -0.9      -0.3       0.66     -0.43      0.61     -0.68     -0.0034    0.73    
  -0.32     -0.9      -0.3       0.66     -0.43      0.61     -0.68     -0.0034    0.73    
   0.31      0.9      -0.3      -0.66      0.43      0.61      0.68      0.0087    0.73    
  -0.12      0.95     -0.3      -0.79      0.092     0.61      0.61      0.31      0.73    
  -0.12      0.95     -0.3      -0.79      0.092     0.61      0.61      0.31      0.73    
  -0.0081   -0.96     -0.28      0.038    -0.28      0.96     -1        -0.0028    0.038   
  -0.37     -0.88     -0.28     -0.073    -0.27      0.96     -0.92      0.38      0.038   
   0.28     -0.88     -0.37     -0.96     -0.27     -0.073    -0.038     0.38     -0.92    
   0.045    -0.93     -0.37     -1        -0.019    -0.073     0.061     0.38     -0.92    
   0.045    -0.93     -0.37     -1        -0.019    -0.073     0.061     0.38     -0.92    
   0.0081    0.96     -0.28     -0.038     0.28      0.96      1         0.0028    0.038   
   0.028     0.96     -0.28     -0.032     0.28      0.96      1        -0.018     0.038   
   0.28      0.96      0.028    -0.96      0.28     -0.032    -0.038    -0.018     1       
   0.28      0.96      0.028    -0.96      0.28     -0.032    -0.038    -0.018     1       
   0.28      0.96      0.028    -0.96      0.28     -0.032    -0.038    -0.018     1       

SITE_XPOS
   0         0         0.15    
   0.28     -1.5       0.058   
   0.33     -1.7       0.05    
   0.21     -1.6       0.054   
   0.4      -1.5       0.054   
   0.31     -1.6       0.2     
   0.3      -1.6       0.0042  
   0.24     -1.4       0.062   
   0.2      -1.3       0.066   
   0.18     -1.4       0.063   
   0.27     -1.3       0.064   
   0.22     -1.3       0.11    
   0.22     -1.3       0.014   
   0.16     -1.2       0.069   
   0.12     -1.1       0.073   
   0.097    -1.2       0.071   
   0.19     -1.1       0.072   
   0.14     -1.2       0.12    
   0.14     -1.1       0.021   
   0.0072   -1.2       0.07    
  -0.083    -1.3       0.07    
  -0.022    -1.3       0.1     
  -0.054    -1.2       0.036   
  -0.053    -1.2       0.11    
  -0.023    -1.3       0.033   
   0.28     -1.1       0.084   
   0.37     -1.1       0.12    
   0.33     -1.1       0.069   
   0.32     -1.1       0.13    
   0.31     -1.1       0.14    
   0.34     -1.1       0.063   
   0.12     -1.6       0.069   
   0.025    -1.6       0.11    
  -0.067    -1.6       0.14    
  -0.023    -1.6       0.12    
  -0.019    -1.7       0.13    
  -0.04     -1.6       0.079   
  -0.0024   -1.6       0.17    
   0.5      -1.5       0.054   
   0.59     -1.5       0.052   
   0.69     -1.5       0.05    
   0.63     -1.4       0.053   
   0.65     -1.5       0.049   
   0.64     -1.5       0.1     
   0.64     -1.5       0.0013  

SITE_XMAT
   1         0         0         0         1         0         0         0         1       
   0.96     -0.28      0.0081    0.28      0.96     -0.038     0.0028    0.038     1       
  -0.96      0.28      0.0081   -0.28     -0.96     -0.038    -0.0028   -0.038     1       
  -0.28     -0.96      0.0081    0.96     -0.28     -0.038     0.038    -0.0028    1       
   0.28      0.96      0.0081   -0.96      0.28     -0.038    -0.038     0.0028    1       
   0.96      0.0081    0.28      0.28     -0.038    -0.96      0.0028    1        -0.038   
  -0.96     -0.0081    0.28     -0.28      0.038    -0.96     -0.0028   -1        -0.038   
   0.92     -0.39      0.0081    0.39      0.92     -0.038     0.0071    0.038     1       
   0.92     -0.39      0.0081    0.39      0.92     -0.038     0.0071    0.038     1       
  -0.39     -0.92      0.0081    0.92     -0.39     -0.038     0.038    -0.0071    1       
   0.39      0.92      0.0081   -0.92      0.39     -0.038    -0.038     0.0071    1       
   0.92      0.0081    0.39      0.39     -0.038    -0.92      0.0071    1        -0.038   
  -0.92     -0.0081    0.39     -0.39      0.038    -0.92     -0.0071   -1        -0.038   
   0.9      -0.43      0.0081    0.43      0.9      -0.038     0.0087    0.037     1       
   0.9      -0.43      0.0081    0.43      0.9      -0.038     0.0087    0.037     1       
  -0.43     -0.9       0.0081    0.9      -0.43     -0.038     0.037    -0.0087    1       
   0.43      0.9       0.0081   -0.9       0.43     -0.038    -0.037     0.0087    1       
   0.9       0.0081    0.43      0.43     -0.038    -0.9       0.0087    1        -0.037   
  -0.9      -0.0081    0.43     -0.43      0.038    -0.9      -0.0087   -1        -0.037   
  -0.32     -0.9      -0.3       0.66     -0.43      0.61     -0.68     -0.0034    0.73    
  -0.32     -0.9      -0.3       0.66     -0.43      0.61     -0.68     -0.0034    0.73    
  -0.9       0.32     -0.3      -0.43     -0.66      0.61     -0.0034    0.68      0.73    
   0.9      -0.32     -0.3       0.43      0.66      0.61      0.0034   -0.68      0.73    
  -0.32     -0.3       0.9       0.66      0.61      0.43     -0.68      0.73      0.0034  
   0.32      0.3       0.9      -0.66     -0.61      0.43      0.68     -0.73      0.0034  
  -0.12      0.95     -0.3      -0.79      0.092     0.61      0.61      0.31      0.73    
  -0.12      0.95     -0.3      -0.79      0.092     0.61      0.61      0.31      0.73    
   0.95      0.12     -0.3       0.092     0.79      0.61      0.31     -0.61      0.73    
  -0.95     -0.12     -0.3      -0.092    -0.79      0.61     -0.31      0.61      0.73    
  -0.12     -0.3      -0.95     -0.79      0.61     -0.092     0.61      0.73     -0.31    
   0.12      0.3      -0.95      0.79     -0.61     -0.092    -0.61     -0.73     -0.31    
  -0.37     -0.88     -0.28     -0.073    -0.27      0.96     -0.92      0.38      0.038   
   0.045    -0.93     -0.37     -1        -0.019    -0.073     0.061     0.38     -0.92    
   0.045    -0.93     -0.37     -1        -0.019    -0.073     0.061     0.38     -0.92    
  -0.93     -0.045    -0.37     -0.019     1        -0.073     0.38     -0.061    -0.92    
   0.93      0.045    -0.37      0.019    -1        -0.073    -0.38      0.061    -0.92    
   0.045    -0.37      0.93     -1        -0.073     0.019     0.061    -0.92     -0.38    
  -0.045     0.37      0.93      1         0.073     0.019    -0.061     0.92     -0.38    
   0.028     0.96     -0.28     -0.032     0.28      0.96      1        -0.018     0.038   
   0.28      0.96      0.028    -0.96      0.28     -0.032    -0.038    -0.018     1       
   0.28      0.96      0.028    -0.96      0.28     -0.032    -0.038    -0.018     1       
   0.96     -0.28      0.028     0.28      0.96     -0.032    -0.018     0.038     1       
  -0.96      0.28      0.028    -0.28     -0.96     -0.032     0.018    -0.038     1       
   0.28      0.028    -0.96     -0.96     -0.032    -0.28     -0.038     1         0.018   
  -0.28     -0.028    -0.96      0.96      0.032    -0.28      0.038    -1         0.018   

LIGHT_XPOS
   0         0         1       

LIGHT_XDIR
   0         0        -1       

SUBTREE_COM
   0.27     -1.5       0.084   
   0.27     -1.5       0.084   
   0.27     -1.5       0.084   
   0.18     -1.2       0.07    
   0.27     -1.4       0.059   
   0.17     -1.2       0.072   
   0.16     -1.2       0.073   
   0.15     -1.2       0.074   
   0.19     -1.3       0.067   
   0.15     -1.2       0.075   
   0.14     -1.2       0.076   
   0.035    -1.2       0.07    
   0.07     -1.2       0.07    
  -0.011    -1.2       0.07    
  -0.038    -1.2       0.07    
   0.25     -1.1       0.082   
   0.21     -1.1       0.072   
   0.3      -1.1       0.091   
   0.33     -1.1       0.1     
   0.1      -1.6       0.079   
   0.18     -1.6       0.054   
   0.068    -1.6       0.089   
   0.053    -1.6       0.095   
   0.089    -1.6       0.08    
   0.0062   -1.6       0.11    
  -0.021    -1.6       0.13    
   0.51     -1.5       0.053   
   0.43     -1.5       0.055   
   0.55     -1.5       0.053   
   0.56     -1.5       0.053   
   0.52     -1.5       0.053   
   0.61     -1.5       0.052   
   0.64     -1.5       0.051   

CDOF
   0         0         0         1         0         0       
   0         0         0         0         1         0       
   0         0         0         0         0         1       
   0.96      0.28      0.0028   -0.0051    0.015     0.21    
  -0.28      0.96      0.038    -0.023    -0.0071    0.0071  
   0.0081   -0.038     1        -0.2      -0.066    -0.00086 
   0.0081   -0.038     1         0.051     0.0074   -0.00013 
   0.0081   -0.038     1         0.24      0.085     0.0013  
  -0.3       0.61      0.73      0.21      0.17     -0.056   
  -0.3       0.61      0.73      0.27      0.022     0.093   
  -0.28      0.96      0.038     0.023     0.013    -0.15    
  -0.37     -0.073    -0.92      0.16     -0.19     -0.05    
  -0.28      0.96      0.038     0.026     0.00098   0.17    
   0.028    -0.032     1        -0.029    -0.29     -0.0083  

CINERT
   0         0         0         0         0         0         0         0         0         0       
   0         0         0         0         0         0         0        -0         0         0       
   0.018     0.0085    0.019     0.0039   -0.00076   0.0021    0.038    -0.1       0.02      1       
   4.3e-05   4.6e-05   7.2e-06   3.2e-06   1.5e-05  -9.1e-06   0.00056  -0.00035  -0.0016    0.06    
   3.3e-05   2.1e-05   2.1e-05   1e-07     4.4e-07   1.1e-05   1.7e-05   0.00046  -0.0005    0.02    
   0.00023   4.7e-05   0.00022   4.2e-05  -1.4e-05   6.5e-05  -0.00062   0.0028   -0.00092   0.04    
   0.0011    0.00021   0.0012    0.00032  -4.8e-05   0.00015  -0.0023    0.0074   -0.0011    0.055   
   0.002     0.00025   0.0022    0.00067  -6.9e-05   0.0002   -0.0037    0.011    -0.0011    0.06    
   0.00088   0.00012   0.00099   0.00031  -2.6e-05   7.2e-05  -0.0015    0.0042   -0.00035   0.02    
   0.0026    0.00038   0.0029    0.00095  -5.8e-05   0.00016  -0.0038    0.01     -0.00062   0.04    
   0.0056    0.00095   0.0065    0.0022   -8.7e-05   0.00022  -0.0068    0.017    -0.00071   0.055   
   0.0053    0.0017    0.007     0.003    -0.00013   0.00024  -0.01      0.018    -0.0008    0.06    
   0.0016    0.00078   0.0024    0.0011   -5.3e-05   7.6e-05  -0.0039    0.0057   -0.00027   0.02    
   0.0028    0.0024    0.0051    0.0025   -0.00013   0.00014  -0.0097    0.01     -0.00055   0.04    
   0.003     0.0052    0.0081    0.0039   -0.00024   0.00018  -0.017     0.013    -0.00078   0.055   
   0.0069    0.00038   0.0072    0.0016   -5.9e-05   0.00025  -0.0047    0.02     -0.00074   0.06    
   0.0025    6.6e-05   0.0025    0.00036  -1.3e-05   8.5e-05  -0.001     0.007    -0.00024   0.02    
   0.0054    1.6e-05   0.0054    8.3e-05  -4.1e-07   8.4e-05  -0.00023   0.015    -0.00023   0.04    
   0.0077    0.00031   0.0079   -0.0012   -5.3e-05  -0.00032   0.0033    0.02      0.00087   0.055   
   0.0011    0.00026   0.0012   -0.00046  -0.00011  -0.00024  -0.0035   -0.0078   -0.0018    0.06    
   0.00041   0.00018   0.00054  -0.00024  -5.3e-05  -8.4e-05  -0.0017   -0.0028   -0.0006    0.02    
   0.00096   0.00075   0.0017   -0.00081  -0.00012  -0.00014  -0.0053   -0.0061   -0.00091   0.04    
   0.0015    0.0014    0.0029   -0.0014   -0.00014  -0.00014  -0.0091   -0.0095   -0.00091   0.06    
   0.00056   0.00064   0.0012   -0.00059  -1.3e-05  -1.2e-05  -0.0036   -0.0033   -7.5e-05   0.02    
   0.0012    0.002     0.0032   -0.0016    0.00013   0.00011  -0.0089   -0.007     0.00061   0.04    
   0.0019    0.0047    0.0063   -0.0028    0.00066   0.0004   -0.016    -0.0097    0.0023    0.055   
   0.00038   0.0011    0.0014    0.00059   0.00024  -0.00013   0.008    -0.0044   -0.0018    0.06    
   0.00011   0.00055   0.00062   0.00021   9.6e-05  -3.8e-05   0.0032   -0.0013   -0.00059   0.02    
   0.00016   0.0018    0.0019    0.00043   0.00025  -6.1e-05   0.0084   -0.002    -0.0012    0.04    
   0.00018   0.0032    0.0033    0.00062   0.00041  -8.2e-05   0.014    -0.0027   -0.0018    0.06    
   5.4e-05   0.0014    0.0014    0.00019   0.00016  -2.3e-05   0.0052   -0.00074  -0.00061   0.02    
   7.7e-05   0.0038    0.0038    0.00028   0.00039  -2.9e-05   0.012    -0.0009   -0.0013    0.04    
   0.00015   0.0078    0.0078    5.6e-05   0.00067  -4.9e-06   0.021    -0.00015  -0.0018    0.055   

ACTUATOR_LENGTH
   0.11    
   0.044   
   0.39    
   0.26    
   0.02    
   0.00093 
   0.0078  
  -0.46    

actuator_moment
----------------
       x        |
        x       |
           x    |
            x   |
             x  |
              x |
         x      |
          x     |
----------------

ACTUATOR_MOMENT
     6:  1       
     7:  1       
    10:  1       
    11:  1       
    12:  1       
    13:  1       
     8:  1       
     9:  1       

CRB
   0         0         0         0         0         0         0         0         0         0       
   0.074     0.051     0.12      0.014     0.00085   0.0032    2.8e-17  -8.3e-17   1.4e-17   2.3     
   0.074     0.051     0.12      0.014     0.00085   0.0032    2.8e-17  -8.3e-17   1.4e-17   2.3     
   0.048     0.013     0.06      0.016    -0.00097   0.0016   -0.061     0.16     -0.0096    0.7     
   3.3e-05   2.1e-05   2.1e-05   1e-07     4.4e-07   1.1e-05   1.7e-05   0.00046  -0.0005    0.02    
   0.048     0.013     0.06      0.016    -0.00098   0.0016   -0.062     0.16     -0.0076    0.62    
   0.047     0.013     0.059     0.016    -0.00097   0.0015   -0.061     0.16     -0.0066    0.58    
   0.046     0.013     0.058     0.015    -0.00092   0.0014   -0.059     0.15     -0.0055    0.52    
   0.00088   0.00012   0.00099   0.00031  -2.6e-05   7.2e-05  -0.0015    0.0042   -0.00035   0.02    
   0.043     0.012     0.055     0.014    -0.00083   0.0011   -0.054     0.14     -0.0041    0.44    
   0.041     0.012     0.052     0.013    -0.00077   0.00096  -0.05      0.13     -0.0034    0.4     
   0.013     0.01      0.023     0.01     -0.00056   0.00064  -0.04      0.047    -0.0024    0.17    
   0.0016    0.00078   0.0024    0.0011   -5.3e-05   7.6e-05  -0.0039    0.0057   -0.00027   0.02    
   0.0058    0.0076    0.013     0.0064   -0.00037   0.00032  -0.026     0.023    -0.0013    0.095   
   0.003     0.0052    0.0081    0.0039   -0.00024   0.00018  -0.017     0.013    -0.00078   0.055   
   0.022     0.00077   0.023     0.0008   -0.00012   9.7e-05  -0.0026    0.062    -0.00035   0.17    
   0.0025    6.6e-05   0.0025    0.00036  -1.3e-05   8.5e-05  -0.001     0.007    -0.00024   0.02    
   0.013     0.00032   0.013    -0.0012   -5.3e-05  -0.00024   0.0031    0.035     0.00064   0.095   
   0.0077    0.00031   0.0079   -0.0012   -5.3e-05  -0.00032   0.0033    0.02      0.00087   0.055   
   0.0076    0.01      0.017    -0.0079    0.00036  -0.0001   -0.048    -0.046    -0.0014    0.3     
   0.00041   0.00018   0.00054  -0.00024  -5.3e-05  -8.4e-05  -0.0017   -0.0028   -0.0006    0.02    
   0.0062    0.0095    0.015    -0.0072    0.00052   0.00021  -0.043    -0.036     0.001     0.21    
   0.0052    0.0088    0.014    -0.0064    0.00064   0.00035  -0.037    -0.029     0.0019    0.17    
   0.00056   0.00064   0.0012   -0.00059  -1.3e-05  -1.2e-05  -0.0036   -0.0033   -7.5e-05   0.02    
   0.0031    0.0067    0.0096   -0.0043    0.00079   0.00051  -0.025    -0.017     0.0029    0.095   
   0.0019    0.0047    0.0063   -0.0028    0.00066   0.0004   -0.016    -0.0097    0.0023    0.055   
   0.0011    0.02      0.02      0.0024    0.0022   -0.00037   0.071    -0.012    -0.009     0.3     
   0.00011   0.00055   0.00062   0.00021   9.6e-05  -3.8e-05   0.0032   -0.0013   -0.00059   0.02    
   0.00061   0.018     0.018     0.0016    0.0019   -0.0002    0.06     -0.0065   -0.0067    0.21    
   0.00046   0.016     0.016     0.0011    0.0016   -0.00014   0.052    -0.0045   -0.0055    0.17    
   5.4e-05   0.0014    0.0014    0.00019   0.00016  -2.3e-05   0.0052   -0.00074  -0.00061   0.02    
   0.00023   0.012     0.012     0.00033   0.0011   -3.3e-05   0.033    -0.0011   -0.0031    0.095   
   0.00015   0.0078    0.0078    5.6e-05   0.00067  -4.9e-06   0.021    -0.00015  -0.0018    0.055   

QM
   2.3     
   0         2.3     
   0         0         2.3     
  -0.012     0.035     0.48      0.18    
  -0.053    -0.016     0.016     0.0092    0.047   
  -0.45     -0.15     -0.002     0.0012    0.017     0.22    
  -0.13     -0.057    -0.0011   -0.0012    0.0065    0.08      0.044   
  -0.032    -0.016    -0.00033  -0.0006    0.0016    0.026     0.017     0.0094  
   0.0018   -0.0038    0.0039    0.0019    0.00095   0.00062   0.0008    0.00084   0.00057 
   0.00069   0.0045   -0.0035   -0.0019    0.00056  -0.0004    0.0001    0.00057             0.00057 
   0.0074    0.0014    0.018     0.0021    0.0054   -0.00085                                           0.0028  
  -0.00026   0.0057   -0.00035  -0.00021  -0.00016  -0.0021                                            2.3e-18   0.00057 
  -0.00055   0.00063  -0.02     -0.002     0.0061    4.1e-05                                                               0.0029  
  -0.0016    0.0055    0.00022   0.00031   2.5e-07   0.0021                                                               -2.1e-18   0.00057 

M
     0:  2.3     
     0:  0          1:  2.3     
     0:  0          1:  0          2:  2.3     
     0: -0.012      1:  0.035      2:  0.48       3:  0.18    
     0: -0.053      1: -0.016      2:  0.016      3:  0.0092     4:  0.047   
     0: -0.45       1: -0.15       2: -0.002      3:  0.0012     4:  0.017      5:  0.22    
     0: -0.13       1: -0.057      2: -0.0011     3: -0.0012     4:  0.0065     5:  0.08       6:  0.044   
     0: -0.032      1: -0.016      2: -0.00033    3: -0.0006     4:  0.0016     5:  0.026      6:  0.017      7:  0.0094  
     0:  0.0018     1: -0.0038     2:  0.0039     3:  0.0019     4:  0.00095    5:  0.00062    6:  0.0008     7:  0.00084    8:  0.00057 
     0:  0.00069    1:  0.0045     2: -0.0035     3: -0.0019     4:  0.00056    5: -0.0004     6:  0.0001     7:  0.00057    9:  0.00057 
     0:  0.0074     1:  0.0014     2:  0.018      3:  0.0021     4:  0.0054     5: -0.00085   10:  0.0028  
     0: -0.00026    1:  0.0057     2: -0.00035    3: -0.00021    4: -0.00016    5: -0.0021    10:  2.3e-18   11:  0.00057 
     0: -0.00055    1:  0.00063    2: -0.02       3: -0.002      4:  0.0061     5:  4.1e-05   12:  0.0029  
     0: -0.0016     1:  0.0055     2:  0.00022    3:  0.00031    4:  2.5e-07    5:  0.0021    12: -2.1e-18   13:  0.00057 

QLD
     0:  0.97    
     0: -0.16       1:  2       
     0: -0.0048     1: -0.12       2:  0.88    
     0: -0.056      1:  0.38       2:  2.6        3:  0.16    
     0: -1.3        1: -0.14       2:  1.1        3:  0.44       4:  0.018   
     0: -4          1: -0.83       2:  0.12       3:  0.059      4:  0.099      5:  0.046   
     0: -5.1        1: -1.9        2: -0.061      3: -0.045      4:  0.49       5:  2.4        6:  0.012   
     0: -4.6        1: -1.9        2: -0.34       3: -0.19       4: -0.054      5:  3.3        6:  2          7:  0.0076  
     0:  3.2        1: -6.7        2:  6.9        3:  3.3        4:  1.7        5:  1.1        6:  1.4        7:  1.5        8:  0.00057 
     0:  1.2        1:  8          2: -6.2        3: -3.4        4:  0.99       5: -0.71       6:  0.18       7:  1          9:  0.00057 
     0:  2.6        1:  0.51       2:  6.4        3:  0.73       4:  1.9        5: -0.3       10:  0.0028  
     0: -0.46       1:  10         2: -0.62       3: -0.37       4: -0.28       5: -3.6       10:  4.1e-15   11:  0.00057 
     0: -0.19       1:  0.22       2: -6.8        3: -0.68       4:  2.1        5:  0.014     12:  0.0029  
     0: -2.9        1:  9.7        2:  0.39       3:  0.55       4:  0.00044    5:  3.6       12: -3.7e-15   13:  0.00057 

QLDIAGINV
   1       
   0.51    
   1.1     
   6.2     
   54      
   22      
   83      
   1.3e+02 
   1.8e+03 
   1.8e+03 
   3.5e+02 
   1.8e+03 
   3.4e+02 
   1.8e+03 

M: inertia structure
----------------
 x              |
 xx             |
 xxx            |
 xxxx           |
 xxxxx          |
 xxxxxx         |
 xxxxxxx        |
 xxxxxxxx       |
 xxxxxxxxx      |
 xxxxxxxx x     |
 xxxxxx    x    |
 xxxxxx    xx   |
 xxxxxx      x  |
 xxxxxx      xx |
----------------

iM: block-diagonal inertia (nnzs are island ids)
----------------
 0              |
 00             |
 000            |
 0000           |
 00000          |
 000000         |
 0000000        |
 00000000       |
 000000000      |
 00000000 0     |
 000000    0    |
 000000    00   |
 000000      0  |
 000000      00 |
----------------

QH
     0:  1.1     
     0: -0.15       1:  2.1     
     0: -0.0041     1: -0.11       2:  0.94    
     0: -0.022      1:  0.24       2:  2.6        3:  0.17    
     0: -0.69       1: -0.16       2:  0.64       3:  0.29       4:  0.031   
     0: -3.1        1: -0.69       2:  0.047      3:  0.047      4:  0.09       5:  0.069   
     0: -3.8        1: -1.5        2: -0.043      3: -0.024      4:  0.21       5:  2          6:  0.022   
     0: -2.9        1: -1.4        2: -0.076      3: -0.072      4:  0.1        5:  2.3        6:  1.5        7:  0.011   
     0:  0.71       1: -1.5        2:  1.5        3:  0.74       4:  0.37       5:  0.24       6:  0.31       7:  0.33       8:  0.0026  
     0:  0.27       1:  1.8        2: -1.4        3: -0.75       4:  0.22       5: -0.16       6:  0.039      7:  0.22       9:  0.0026  
     0:  1.5        1:  0.3        2:  3.8        3:  0.43       4:  1.1        5: -0.18      10:  0.0048  
     0: -0.1        1:  2.2        2: -0.14       3: -0.081      4: -0.062      5: -0.8       10:  9e-16     11:  0.0026  
     0: -0.11       1:  0.13       2: -4          3: -0.41       4:  1.2        5:  0.0083    12:  0.0049  
     0: -0.63       1:  2.1        2:  0.086      3:  0.12       4:  9.8e-05    5:  0.8       12: -8.2e-16   13:  0.0026  

QHDIAGINV
   0.88    
   0.47    
   1.1     
   5.7     
   32      
   15      
   46      
   91      
   3.9e+02 
   3.9e+02 
   2.1e+02 
   3.9e+02 
   2e+02   
   3.9e+02 

QDERIV
     0:  0          1:  0          2:  0          3:  0          4:  0          5:  0          6:  0          7:  0          8:  0          9:  0         10:  0         11:  0         12:  0         13:  0       
     0:  0          1:  0          2:  0          3:  0          4:  0          5:  0          6:  0          7:  0          8:  0          9:  0         10:  0         11:  0         12:  0         13:  0       
     0:  0          1:  0          2:  0          3:  0          4:  0          5:  0          6:  0          7:  0          8:  0          9:  0         10:  0         11:  0         12:  0         13:  0       
     0:  0          1:  0          2:  0          3:  0          4:  0          5:  0          6:  0          7:  0          8:  0          9:  0         10:  0         11:  0         12:  0         13:  0       
     0:  0          1:  0          2:  0          3:  0          4:  0          5:  0          6:  0          7:  0          8:  0          9:  0         10:  0         11:  0         12:  0         13:  0       
     0:  0          1:  0          2:  0          3:  0          4:  0          5:  0          6:  0          7:  0          8:  0          9:  0         10:  0         11:  0         12:  0         13:  0       
     0:  0          1:  0          2:  0          3:  0          4:  0          5:  0          6: -1          7:  0          8:  0          9:  0       
     0:  0          1:  0          2:  0          3:  0          4:  0          5:  0          6:  0          7: -1          8:  0          9:  0       
     0:  0          1:  0          2:  0          3:  0          4:  0          5:  0          6:  0          7:  0          8: -1       
     0:  0          1:  0          2:  0          3:  0          4:  0          5:  0          6:  0          7:  0          9: -1       
     0:  0          1:  0          2:  0          3:  0          4:  0          5:  0         10: -1         11:  0       
     0:  0          1:  0          2:  0          3:  0          4:  0          5:  0         10:  0         11: -1       
     0:  0          1:  0          2:  0          3:  0          4:  0          5:  0         12: -1         13:  0       
     0:  0          1:  0          2:  0          3:  0          4:  0          5:  0         12:  0         13: -1       

CONTACT
  0:
     dim           3
     geoms         floor : robot-bl_flippercore
     exclude       0
     efc_address   0
     solref         0.02      1       
     solimp         0.9       0.95      0.001     0.5       2       
     dist          -0.00056 
     includemargin  0       
     pos            0.0063   -1.2      -0.00028 
     frame          0         0         1         0         1         0        -1         0         0       
     friction       1         1         0.005     0.0001    0.0001  
     mu             1       
     force          4.1      -0.18      0.73      0         0         0       
  1:
     dim           3
     geoms         floor : robot-bl_flippercore
     exclude       0
     efc_address   4
     solref         0.02      1       
     solimp         0.9       0.95      0.001     0.5       2       
     dist          -0.0009  
     includemargin  0       
     pos           -0.084    -1.3      -0.00045 
     frame          0         0         1         0         1         0        -1         0         0       
     friction       1         1         0.005     0.0001    0.0001  
     mu             1       
     force          5.1      -4        -1.1       0         0         0       
  2:
     dim           3
     geoms         floor : robot-fr_flipper2core
     exclude       0
     efc_address   8
     solref         0.02      1       
     solimp         0.9       0.95      0.001     0.5       2       
     dist          -0.0015  
     includemargin  0       
     pos            0.7      -1.5      -0.00076 
     frame          0         0         1         0         1         0        -1         0         0       
     friction       1         1         0.005     0.0001    0.0001  
     mu             1       
     force          6.4      -2.4       0.038     0         0         0       

EFC_TYPE
  6
  6
  6
  6
  6
  6
  6
  6
  6
  6
  6
  6

EFC_ID
  0
  0
  0
  0
  1
  1
  1
  1
  2
  2
  2
  2

EFC_J
   0         1         1         0.62      0.14     -0.33     -0.26     -0.18     -0.021     0         0         0         0         0       
   0        -1         1         0.43      0.23      0.32      0.24      0.17      0.075     0         0         0         0         0       
  -1         0         1         0.56      0.3       0.44      0.19      0.01      0.059     0         0         0         0         0       
   1         0         1         0.5       0.071    -0.46     -0.21     -0.023    -0.0052    0         0         0         0         0       
   0         1         1         0.61      0.24     -0.43     -0.35     -0.27     -0.019     0         0         0         0         0       
   0        -1         1         0.42      0.33      0.4       0.33      0.25      0.21      0         0         0         0         0       
  -1         0         1         0.54      0.4       0.39      0.15     -0.037     0.096     0         0         0         0         0       
   1         0         1         0.48      0.17     -0.42     -0.17      0.017     0.095     0         0         0         0         0       
   0         1         1         0.15     -0.41      0.38      0         0         0         0         0         0        -0.25      0.15    
   0        -1         1        -0.044    -0.38     -0.35      0         0         0         0         0         0        -0.23     -0.14    
  -1         0         1         0.083    -0.3       0.18      0         0         0         0         0         0        -0.19     -0.0038  
   1         0         1         0.025    -0.5      -0.15      0         0         0         0         0         0        -0.29      0.013   

IEFC_J
   0         1         1         0.62      0.14     -0.33     -0.26     -0.18     -0.021     0         0         0         0         0       
   0        -1         1         0.43      0.23      0.32      0.24      0.17      0.075     0         0         0         0         0       
  -1         0         1         0.56      0.3       0.44      0.19      0.01      0.059     0         0         0         0         0       
   1         0         1         0.5       0.071    -0.46     -0.21     -0.023    -0.0052    0         0         0         0         0       
   0         1         1         0.61      0.24     -0.43     -0.35     -0.27     -0.019     0         0         0         0         0       
   0        -1         1         0.42      0.33      0.4       0.33      0.25      0.21      0         0         0         0         0       
  -1         0         1         0.54      0.4       0.39      0.15     -0.037     0.096     0         0         0         0         0       
   1         0         1         0.48      0.17     -0.42     -0.17      0.017     0.095     0         0         0         0         0       
   0         1         1         0.15     -0.41      0.38      0         0         0         0         0         0        -0.25      0.15    
   0        -1         1        -0.044    -0.38     -0.35      0         0         0         0         0         0        -0.23     -0.14    
  -1         0         1         0.083    -0.3       0.18      0         0         0         0         0         0        -0.19     -0.0038  
   1         0         1         0.025    -0.5      -0.15      0         0         0         0         0         0        -0.29      0.013   

EFC_POS
  -0.00056 
  -0.00056 
  -0.00056 
  -0.00056 
  -0.0009  
  -0.0009  
  -0.0009  
  -0.0009  
  -0.0015  
  -0.0015  
  -0.0015  
  -0.0015  

EFC_MARGIN
   0       
   0       
   0       
   0       
   0       
   0       
   0       
   0       
   0       
   0       
   0       
   0       

EFC_FRICTIONLOSS
   0       
   0       
   0       
   0       
   0       
   0       
   0       
   0       
   0       
   0       
   0       
   0       

EFC_DIAGAPPROX
   30      
   30      
   30      
   30      
   30      
   30      
   30      
   30      
   37      
   37      
   37      
   37      

EFC_KBIP
   2.8e+03   1.1e+02   0.93     -87      
   2.8e+03   1.1e+02   0.93     -87      
   2.8e+03   1.1e+02   0.93     -87      
   2.8e+03   1.1e+02   0.93     -87      
   2.8e+03   1.1e+02   0.95     -19      
   2.8e+03   1.1e+02   0.95     -19      
   2.8e+03   1.1e+02   0.95     -19      
   2.8e+03   1.1e+02   0.95     -19      
   2.8e+03   1.1e+02   0.95      0       
   2.8e+03   1.1e+02   0.95      0       
   2.8e+03   1.1e+02   0.95      0       
   2.8e+03   1.1e+02   0.95      0       

EFC_D
   0.45    
   0.45    
   0.45    
   0.45    
   0.63    
   0.63    
   0.63    
   0.63    
   0.52    
   0.52    
   0.52    
   0.52    

EFC_R
   2.2     
   2.2     
   2.2     
   2.2     
   1.6     
   1.6     
   1.6     
   1.6     
   1.9     
   1.9     
   1.9     
   1.9     

ACTUATOR_VELOCITY
  -0.27    
  -0.38    
   1       
  -0.77    
  -0.94    
   1.2     
  -0.08    
  -1.1     

CVEL
   0         0         0         0         0         0       
  -0.24      0.41     -0.015    -0.022    -0.13     -0.056   
  -0.24      0.41     -0.015    -0.022    -0.13     -0.056   
  -0.24      0.41     -0.015    -0.022    -0.13     -0.056   
  -0.24      0.41     -0.015    -0.022    -0.13     -0.056   
  -0.24      0.42     -0.28     -0.035    -0.13     -0.056   
  -0.24      0.42     -0.28     -0.035    -0.13     -0.056   
  -0.24      0.42     -0.28     -0.035    -0.13     -0.056   
  -0.24      0.42     -0.28     -0.035    -0.13     -0.056   
  -0.24      0.44     -0.66     -0.12     -0.16     -0.056   
  -0.24      0.44     -0.66     -0.12     -0.16     -0.056   
  -0.24      0.44     -0.66     -0.12     -0.16     -0.056   
  -0.24      0.44     -0.66     -0.12     -0.16     -0.056   
  -0.22      0.39     -0.72     -0.14     -0.18     -0.052   
  -0.22      0.39     -0.72     -0.14     -0.18     -0.052   
  -0.24      0.44     -0.66     -0.12     -0.16     -0.056   
  -0.24      0.44     -0.66     -0.12     -0.16     -0.056   
   0.07     -0.21     -1.4      -0.41     -0.18     -0.15    
   0.07     -0.21     -1.4      -0.41     -0.18     -0.15    
  -0.24      0.41     -0.015    -0.022    -0.13     -0.056   
  -0.24      0.41     -0.015    -0.022    -0.13     -0.056   
  -0.52      1.4       0.024     0.0019   -0.11     -0.21    
  -0.52      1.4       0.024     0.0019   -0.11     -0.21    
  -0.52      1.4       0.024     0.0019   -0.11     -0.21    
  -0.23      1.4       0.74     -0.12      0.033    -0.17    
  -0.23      1.4       0.74     -0.12      0.033    -0.17    
  -0.24      0.41     -0.015    -0.022    -0.13     -0.056   
  -0.24      0.41     -0.015    -0.022    -0.13     -0.056   
   0.028    -0.49     -0.051    -0.046    -0.13     -0.21    
   0.028    -0.49     -0.051    -0.046    -0.13     -0.21    
   0.028    -0.49     -0.051    -0.046    -0.13     -0.21    
   0.062    -0.53      1.2      -0.082    -0.48     -0.22    
   0.062    -0.53      1.2      -0.082    -0.48     -0.22    

CDOF_DOT
   0         0         0         0         0         0       
   0         0         0         0         0         0       
   0         0         0         0         0         0       
   0         0         0         0.0096   -0.034     0.11    
   0        -0         0         0.029     0.011    -0.052   
   0         0        -0        -0.13      0.018     0.0017  
   0.41      0.24      0.0056   -0.13      0.02     -0.021   
   0.41      0.24      0.0056   -0.11     -0.032    -0.12    
   0.72      0.37     -0.019     0.0017   -0.042    -0.25    
   0.72      0.37     -0.019    -0.029    -0.051    -0.25    
   0.03      0.013    -0.11     -0.014    -0.02     -0.07    
  -1.3      -0.49      0.55      0.026     0.057    -0.17    
   0.03      0.013    -0.11      0.12      0.056    -0.068   
  -0.49     -0.029     0.013    -0.15      0.042    -0.017   

QFRC_BIAS
   0.0096  
  -0.014   
   22      
   4.7     
   0.16    
  -0.013   
  -0.0051  
  -0.0011  
   0.038   
  -0.035   
   0.18    
  -0.0026  
  -0.19    
   0.0023  

QFRC_SPRING
   0       
   0       
   0       
   0       
   0       
   0       
   0       
   0       
   0       
   0       
   0       
   0       
   0       
   0       

QFRC_DAMPER
   0       
   0       
   0       
   0       
   0       
   0       
   0       
   0       
   0       
   0       
   0       
   0       
   0       
   0       

QFRC_GRAVCOMP
   0       
   0       
   0       
   0       
   0       
   0       
   0       
   0       
   0       
   0       
   0       
   0       
   0       
   0       

QFRC_FLUID
   0       
   0       
   0       
   0       
   0       
   0       
   0       
   0       
   0       
   0       
   0       
   0       
   0       
   0       

QFRC_PASSIVE
   0       
   0       
   0       
   0       
   0       
   0       
   0       
   0       
   0       
   0       
   0       
   0       
   0       
   0       

EFC_VEL
  -0.014   
   0.00024 
  -0.017   
   0.0037  
   0.096   
  -0.02    
   0.059   
   0.017   
   0.039   
  -0.029   
   0.00079 
   0.0088  

EFC_AREF
   2.9     
   1.4     
   3.2     
   1.1     
  -7.7     
   4.5     
  -3.8     
   0.6     
  -0.04    
   7.1     
   3.9     
   3.1     

SUBTREE_LINVEL
   0         0         0       
   0         0         0       
   0         0         0       
   0         0         0       
   0         0         0       
   0         0         0       
   0         0         0       
   0         0         0       
   0         0         0       
   0         0         0       
   0         0         0       
   0         0         0       
   0         0         0       
   0         0         0       
   0         0         0       
   0         0         0       
   0         0         0       
   0         0         0       
   0         0         0       
   0         0         0       
   0         0         0       
   0         0         0       
   0         0         0       
   0         0         0       
   0         0         0       
   0         0         0       
   0         0         0       
   0         0         0       
   0         0         0       
   0         0         0       
   0         0         0       
   0         0         0       
   0         0         0       

SUBTREE_ANGMOM
   0         0         0       
   0         0         0       
   0         0         0       
   0         0         0       
   0         0         0       
   0         0         0       
   0         0         0       
   0         0         0       
   0         0         0       
   0         0         0       
   0         0         0       
   0         0         0       
   0         0         0       
   0         0         0       
   0         0         0       
   0         0         0       
   0         0         0       
   0         0         0       
   0         0         0       
   0         0         0       
   0         0         0       
   0         0         0       
   0         0         0       
   0         0         0       
   0         0         0       
   0         0         0       
   0         0         0       
   0         0         0       
   0         0         0       
   0         0         0       
   0         0         0       
   0         0         0       
   0         0         0       

ACTUATOR_FORCE
  -1.3     
  -1.1     
   0.17    
  -0.039   
   1.3     
   0.33    
  -1       
  -0.056   

QFRC_ACTUATOR
   0       
   0       
   0       
   0       
   0       
   0       
  -1.3     
  -1.1     
  -1       
  -0.056   
   0.17    
  -0.039   
   1.3     
   0.33    

QFRC_SMOOTH
  -0.0096  
   0.014   
  -22      
  -4.7     
  -0.16    
   0.013   
  -1.3     
  -1.1     
  -1.1     
  -0.021   
  -0.014   
  -0.036   
   1.5     
   0.33    

QACC_SMOOTH
   0.038   
  -5.8     
  -5.3     
   18      
  -60      
   2.3     
  -55      
   1.6e+02 
  -2e+03   
  -56      
   1.3e+02 
  -10      
   6.3e+02 
   6.2e+02 

EFC_B
   15      
  -1.5e+02 
  -1.5e+02 
   15      
   5.9     
  -4.2e+02 
  -2.2e+02 
  -1.9e+02 
  -42      
  -2.2e+02 
  -1.1e+02 
  -1.5e+02 

EFC_FORCE
   0.94    
   1.1     
   1.4     
   0.67    
   0       
   4       
   0       
   1.1     
   0.39    
   2.8     
   1.6     
   1.6     

EFC_STATE
  0
  1
  1
  0
  0
  1
  1
  1
  1
  1
  1
  1

QFRC_CONSTRAINT
   0.33    
  -6.6     
   16      
   4.5     
  -0.18    
   0.7     
   1.3     
   1       
   1.1     
   0       
   0       
   0       
  -1.5     
  -0.33    

QFRC_INVERSE
   0       
   0       
   0       
   0       
   0       
   0       
   0       
   0       
   0       
   0       
   0       
   0       
   0       
   0       

CACC
   0         0         0         0         0         0       
   0         0         0         0         0         0       
   0         0         0         0         0         0       
   0         0         0         0         0         0       
   0         0         0         0         0         0       
   0         0         0         0         0         0       
   0         0         0         0         0         0       
   0         0         0         0         0         0       
   0         0         0         0         0         0       
   0         0         0         0         0         0       
   0         0         0         0         0         0       
   0         0         0         0         0         0       
   0         0         0         0         0         0       
   0         0         0         0         0         0       
   0         0         0         0         0         0       
   0         0         0         0         0         0       
   0         0         0         0         0         0       
   0         0         0         0         0         0       
   0         0         0         0         0         0       
   0         0         0         0         0         0       
   0         0         0         0         0         0       
   0         0         0         0         0         0       
   0         0         0         0         0         0       
   0         0         0         0         0         0       
   0         0         0         0         0         0       
   0         0         0         0         0         0       
   0         0         0         0         0         0       
   0         0         0         0         0         0       
   0         0         0         0         0         0       
   0         0         0         0         0         0       
   0         0         0         0         0         0       
   0         0         0         0         0         0       
   0         0         0         0         0         0       

CFRC_INT
   0         0         0         0         0         0       
   0         0         0         0         0         0       
   0         0         0         0         0         0       
   0         0         0         0         0         0       
   0         0         0         0         0         0       
   0         0         0         0         0         0       
   0         0         0         0         0         0       
   0         0         0         0         0         0       
   0         0         0         0         0         0       
   0         0         0         0         0         0       
   0         0         0         0         0         0       
   0         0         0         0         0         0       
   0         0         0         0         0         0       
   0         0         0         0         0         0       
   0         0         0         0         0         0       
   0         0         0         0         0         0       
   0         0         0         0         0         0       
   0         0         0         0         0         0       
   0         0         0         0         0         0       
   0         0         0         0         0         0       
   0         0         0         0         0         0       
   0         0         0         0         0         0       
   0         0         0         0         0         0       
   0         0         0         0         0         0       
   0         0         0         0         0         0       
   0         0         0         0         0         0       
   0         0         0         0         0         0       
   0         0         0         0         0         0       
   0         0         0         0         0         0       
   0         0         0         0         0         0       
   0         0         0         0         0         0       
   0         0         0         0         0         0       
   0         0         0         0         0         0       

CFRC_EXT
   0         0         0         0         0         0       
   0         0         0         0         0         0       
   0         0         0         0         0         0       
   0         0         0         0         0         0       
   0         0         0         0         0         0       
   0         0         0         0         0         0       
   0         0         0         0         0         0       
   0         0         0         0         0         0       
   0         0         0         0         0         0       
   0         0         0         0         0         0       
   0         0         0         0         0         0       
   0         0         0         0         0         0       
   0         0         0         0         0         0       
   0         0         0         0         0         0       
   0         0         0         0         0         0       
   0         0         0         0         0         0       
   0         0         0         0         0         0       
   0         0         0         0         0         0       
   0         0         0         0         0         0       
   0         0         0         0         0         0       
   0         0         0         0         0         0       
   0         0         0         0         0         0       
   0         0         0         0         0         0       
   0         0         0         0         0         0       
   0         0         0         0         0         0       
   0         0         0         0         0         0       
   0         0         0         0         0         0       
   0         0         0         0         0         0       
   0         0         0         0         0         0       
   0         0         0         0         0         0       
   0         0         0         0         0         0       
   0         0         0         0         0         0       
   0         0         0         0         0         0       

DOF_ISLAND            0 0 0 0 0 0 0 0 0 0 0 0 0 0

ISLAND_NV             14

ISLAND_IDOFADR        0

MAP_IDOF2DOF          0 1 2 3 4 5 6 7 8 9 10 11 12 13

EFC_ISLAND            0 0 0 0 0 0 0 0 0 0 0 0

ISLAND_NEFC           12

ISLAND_IEFCADR        0

MAP_IEFC2EFC          0 1 2 3 4 5 6 7 8 9 10 11

